              precision    recall  f1-score   support

         ACV       0.60      0.14      0.23        21
         CEP       0.00      0.00      0.00        22
        DCEP       0.75      0.81      0.77        77
     DCEP-FU       0.00      0.00      0.00        10
       DCEPS       0.00      0.00      0.00         6
        DSCT       0.67      0.44      0.53        71
           E       0.00      0.00      0.00         8
          EA       0.81      0.91      0.86       447
          EB       0.48      0.29      0.36       121
          EC       0.62      0.54      0.58       124
          ED       0.21      0.06      0.09        54
          EW       0.80      0.90      0.85      1092
        HADS       0.82      0.45      0.58        31
           L       0.27      0.15      0.19       236
         ROT       0.69      0.68      0.69       790
          RR       0.00      0.00      0.00         6
        RRAB       0.86      0.91      0.89       443
     RRAB_BL       0.43      0.05      0.10        55
         RRC       0.79      0.60      0.68       203
         RRD       0.86      0.26      0.40        23
          RS       0.50      0.06      0.10        18
          SR       0.70      0.86      0.77       992

    accuracy                           0.74      4850
   macro avg       0.49      0.37      0.39      4850
weighted avg       0.71      0.74      0.71      4850
